\begin{tikzpicture}
\pgfplotsset{every x tick label/.append style={font=\footnotesize}}
\begin{axis}[
    width=0.40*\textwidth,
    ybar stacked, height=5cm,
    legend style={at={(1.0,1.0)},anchor=south east, draw=none},
    ymin=0, ymax=1,
    ytick={0,0.5,1},
    yticklabels={0,0.5, 1},
    xmin=0.3, xmax=12.7,
    ylabel={Percentage of occurrence},
    xlabel={Layer ID},
    legend style={font=\footnotesize},
    legend columns = 5,
    bar width=10,
    ]

\addplot[czblue, draw=czblue, fill=czblue] table
[x=layers, y=freq4, col sep=space]
{
tensor_name	layers	freq4	freq5	freq6	freq7	high
x_bmm_q	1	0.294117647	0.058823529	0.411764706	0.235294118	0.647058824
x_bmm_q	2	0.588235294	0.411764706	0	0	0
x_bmm_q	3	0.294117647	0.176470588	0.235294118	0.294117647	0.529411765
x_bmm_q	4	0.705882353	0.294117647	0	0	0
x_bmm_q	5	0.294117647	0.058823529	0.411764706	0.235294118	0.647058824
x_bmm_q	6	0.176470588	0.411764706	0.411764706	0	0.411764706
x_bmm_q	7	0.411764706	0.294117647	0	0.294117647	0.294117647
x_bmm_q	8	0.588235294	0.411764706	0	0	0
x_bmm_q	9	0.235294118	0.470588235	0.294117647	0	0.294117647
x_bmm_q	10	0.588235294	0.058823529	0	0.352941176	0.352941176
x_bmm_q	11	0.176470588	0.117647059	0.411764706	0.294117647	0.705882353
x_bmm_q	12	0.647058824	0.117647059	0	0.235294118	0.235294118

};
\addlegendentry{$\leq$ 4-bit}

\addplot[czgreen, draw=czgreen, fill=czgreen] table
[x=layers, y=freq5, col sep=space] {
tensor_name	layers	freq4	freq5	freq6	freq7	high
x_bmm_q	1	0.294117647	0.058823529	0.411764706	0.235294118	0.647058824
x_bmm_q	2	0.588235294	0.411764706	0	0	0
x_bmm_q	3	0.294117647	0.176470588	0.235294118	0.294117647	0.529411765
x_bmm_q	4	0.705882353	0.294117647	0	0	0
x_bmm_q	5	0.294117647	0.058823529	0.411764706	0.235294118	0.647058824
x_bmm_q	6	0.176470588	0.411764706	0.411764706	0	0.411764706
x_bmm_q	7	0.411764706	0.294117647	0	0.294117647	0.294117647
x_bmm_q	8	0.588235294	0.411764706	0	0	0
x_bmm_q	9	0.235294118	0.470588235	0.294117647	0	0.294117647
x_bmm_q	10	0.588235294	0.058823529	0	0.352941176	0.352941176
x_bmm_q	11	0.176470588	0.117647059	0.411764706	0.294117647	0.705882353
x_bmm_q	12	0.647058824	0.117647059	0	0.235294118	0.235294118

};
\addlegendentry{5-bit}

\addplot[czorange, draw=czorange, fill=czorange] table
[x=layers, y=freq6, col sep=space] {
tensor_name	layers	freq4	freq5	freq6	freq7	high
x_bmm_q	1	0.294117647	0.058823529	0.411764706	0.235294118	0.647058824
x_bmm_q	2	0.588235294	0.411764706	0	0	0
x_bmm_q	3	0.294117647	0.176470588	0.235294118	0.294117647	0.529411765
x_bmm_q	4	0.705882353	0.294117647	0	0	0
x_bmm_q	5	0.294117647	0.058823529	0.411764706	0.235294118	0.647058824
x_bmm_q	6	0.176470588	0.411764706	0.411764706	0	0.411764706
x_bmm_q	7	0.411764706	0.294117647	0	0.294117647	0.294117647
x_bmm_q	8	0.588235294	0.411764706	0	0	0
x_bmm_q	9	0.235294118	0.470588235	0.294117647	0	0.294117647
x_bmm_q	10	0.588235294	0.058823529	0	0.352941176	0.352941176
x_bmm_q	11	0.176470588	0.117647059	0.411764706	0.294117647	0.705882353
x_bmm_q	12	0.647058824	0.117647059	0	0.235294118	0.235294118

};
\addlegendentry{6-bit}

\addplot[czred, draw=czred, fill=czred] table
[x=layers, y=freq7, col sep=space] {
tensor_name	layers	freq4	freq5	freq6	freq7	high
x_bmm_q	1	0.294117647	0.058823529	0.411764706	0.235294118	0.647058824
x_bmm_q	2	0.588235294	0.411764706	0	0	0
x_bmm_q	3	0.294117647	0.176470588	0.235294118	0.294117647	0.529411765
x_bmm_q	4	0.705882353	0.294117647	0	0	0
x_bmm_q	5	0.294117647	0.058823529	0.411764706	0.235294118	0.647058824
x_bmm_q	6	0.176470588	0.411764706	0.411764706	0	0.411764706
x_bmm_q	7	0.411764706	0.294117647	0	0.294117647	0.294117647
x_bmm_q	8	0.588235294	0.411764706	0	0	0
x_bmm_q	9	0.235294118	0.470588235	0.294117647	0	0.294117647
x_bmm_q	10	0.588235294	0.058823529	0	0.352941176	0.352941176
x_bmm_q	11	0.176470588	0.117647059	0.411764706	0.294117647	0.705882353
x_bmm_q	12	0.647058824	0.117647059	0	0.235294118	0.235294118
};
\addlegendentry{7-bit}
\end{axis}
\end{tikzpicture}